0,1,2
0,-20,-0.0912436236278529
1,-20,-0.0822972224435169
2,-20,0.0318039069195191
3,-20,0.071771639951786
4,-20,0.0583170107642012
5,-20,0.0797971666105794
6,-20,0.0931455725843197
7,-20,0.101763080269176
8,-20,0.1071249486488706
9,-20,0.1001359494315109
10,-20,0.1118459775495656
11,-20,0.1318776201414144
12,-20,0.1159528400835549
13,-20,0.1180375552818721
14,-20,0.1445147575914136
15,-20,0.1271541021444544
16,-20,0.1264388373050487
17,-20,0.1406120310436066
18,-20,0.1334573513475445
19,-20,0.1369604561782617
20,-20,0.1159642296946877
21,-20,0.1218877391624333
22,-20,0.155627844406157
23,-20,0.1361502269266108
24,-20,0.1363784574584511
25,-20,0.1458458180094681
26,-20,0.1276018536175641
27,-20,0.1372080711964519
28,-20,0.1387962293134115
29,-20,0.1381506853651682
30,-20,0.1624407573675406
31,-20,0.1604064653882463
32,-20,0.148830746100826
33,-20,0.1617277673433519
34,-20,0.1632305920069002
35,-20,0.1456287833828034
36,-20,0.1466517538392132
37,-20,0.1532041533252811
38,-20,0.1442918159628236
39,-20,0.1512227075901492
40,-20,0.1671039932037749
41,-20,0.1614098438883291
42,-20,0.1499118208270194
43,-20,0.147982256356253
44,-20,0.1466465598197175
45,-20,0.1474182800321521
46,-20,0.154169748931092
47,-20,0.147187619820577
48,-20,0.1325183959552346
49,-20,0.1402793018782225
50,-20,0.1533498182039467
51,-20,0.151108348723779
52,-20,0.1534170467515505
53,-20,0.1596650879282543
54,-20,0.1508107859297699
55,-20,0.1446225826165244
56,-20,0.1524312402099827
57,-20,0.1509615115575003
58,-20,0.1405226441107082
59,-20,0.1378736081200418
60,-20,0.1412315462185483
61,-20,0.1413079015122548
62,-20,0.1422272118990455
63,-20,0.1495807031028663
64,-20,0.1452916815806392
65,-20,0.1343968380453198
66,-20,0.1392070090810185
67,-20,0.14443959818068
68,-20,0.1420410385889818
69,-20,0.1462985432455568
70,-20,0.1488683955770095
71,-20,0.1316543909376182
72,-20,0.1224770857610187
73,-20,0.1427363094270331
74,-20,0.1437404491287491
75,-20,0.1312401321027834
76,-20,0.1432370380771917
77,-20,0.1402598491792946
78,-20,0.1262911711912193
79,-20,0.1279108058835299
80,-20,0.1255681082215343
81,-20,0.1332465422298855
82,-20,0.1409076959213625
83,-20,0.1343480669996376
84,-20,0.1457633439642222
85,-20,0.146488790882863
86,-20,0.124910192002747
87,-20,0.1280742738127897
88,-20,0.1370733951107855
89,-20,0.1421142987100171
90,-20,0.153464197464539
91,-20,0.1377887354317559
92,-20,0.1232379901133348
93,-20,0.13992463276979
94,-20,0.1495856437202244
95,-20,0.1470167577328644
96,-20,0.1349052282858389
97,-20,0.1180686807479902
98,-20,0.1167783195584085
99,-20,0.115521408461102
0,-10,-0.0862763452695386
1,-10,-0.0892733862900549
2,-10,0.0641812889343514
3,-10,0.1910313021865558
4,-10,0.266398956076333
5,-10,0.345749095768396
6,-10,0.3739909955937012
7,-10,0.4038952222399837
8,-10,0.4457245058388476
9,-10,0.4348579933529519
10,-10,0.4256747071170146
11,-10,0.4435368751764429
12,-10,0.4439292369834148
13,-10,0.4419862856115761
14,-10,0.4220327015116606
15,-10,0.3857738315607892
16,-10,0.400700677919547
17,-10,0.4158346098499252
18,-10,0.3861606285173878
19,-10,0.3732716440234508
20,-10,0.3720289989981142
21,-10,0.3774117898208454
22,-10,0.4050998556597432
23,-10,0.4058911642577141
24,-10,0.3790847213697262
25,-10,0.3805091129098215
26,-10,0.3910187271480654
27,-10,0.3678427825388478
28,-10,0.3522137884391287
29,-10,0.3568095916373894
30,-10,0.3470175765735056
31,-10,0.3475321167541886
32,-10,0.3522342632009621
33,-10,0.3354342909149692
34,-10,0.3199316909979438
35,-10,0.3184348462349175
36,-10,0.3335299682941261
37,-10,0.3416286508056778
38,-10,0.3265340768164834
39,-10,0.3087509185583884
40,-10,0.2952304581380554
41,-10,0.2926564476378494
42,-10,0.3005859687688657
43,-10,0.3089096800897127
44,-10,0.3011130448172154
45,-10,0.2857835782048517
46,-10,0.3000359293769649
47,-10,0.3067612178197539
48,-10,0.2851145201586834
49,-10,0.280034380023205
50,-10,0.2855397149451282
51,-10,0.2894568217636495
52,-10,0.2858536998276622
53,-10,0.2740516732902804
54,-10,0.2702254142863595
55,-10,0.2604650110382778
56,-10,0.2521505459765952
57,-10,0.2454255104715579
58,-10,0.2288868051808965
59,-10,0.2379802426014107
60,-10,0.2493632512688809
61,-10,0.2296735505624773
62,-10,0.2302289498433382
63,-10,0.244480283887531
64,-10,0.2319104613060418
65,-10,0.2337391848781293
66,-10,0.2444747785508225
67,-10,0.2239771729444676
68,-10,0.2222347319260912
69,-10,0.235762087073146
70,-10,0.2262610072614921
71,-10,0.2304474159053382
72,-10,0.2254460850646947
73,-10,0.2104999488941411
74,-10,0.2310383565491092
75,-10,0.2348012072792942
76,-10,0.2205910826711627
77,-10,0.229388847990491
78,-10,0.2368620462575613
79,-10,0.2340474694977643
80,-10,0.2144676626886624
81,-10,0.201700770560694
82,-10,0.2232850622848736
83,-10,0.2332674479127036
84,-10,0.2105509778597432
85,-10,0.1980285832006549
86,-10,0.2213230000575871
87,-10,0.2273937563764719
88,-10,0.198093339463982
89,-10,0.1953854636699861
90,-10,0.1966137005901656
91,-10,0.1853854691124944
92,-10,0.1965116568425334
93,-10,0.187561538031009
94,-10,0.170388155379196
95,-10,0.1980867738694179
96,-10,0.2221926023977637
97,-10,0.2077401803365728
98,-10,0.1927844809539919
99,-10,0.1977748859967661
0,0,-0.090561741576147
1,0,-0.0875184625271241
2,0,0.2579887482696625
3,0,0.6130165708183457
4,0,0.7136752839661662
5,0,0.7119993552056482
6,0,0.7207183321319977
7,0,0.7086139839673099
8,0,0.672093160871686
9,0,0.6539513007493415
10,0,0.6375608016069423
11,0,0.5914676448763644
12,0,0.5718876019876908
13,0,0.5948635027097472
14,0,0.582506212568203
15,0,0.5421014008440268
16,0,0.5303138056872315
17,0,0.5159436829410836
18,0,0.5009695360196831
19,0,0.4981569303113068
20,0,0.4717933467624147
21,0,0.4712628262413452
22,0,0.4937233460451916
23,0,0.4760126908829765
24,0,0.4645847165404521
25,0,0.4529522457813409
26,0,0.4194456406203873
27,0,0.417410356863181
28,0,0.4176873722126922
29,0,0.3904971577152258
30,0,0.375184473409079
31,0,0.3817855387120423
32,0,0.3870652650508775
33,0,0.3778746096500132
34,0,0.3650454625118704
35,0,0.3563539369833998
36,0,0.3552494775740164
37,0,0.3517824772562473
38,0,0.343648567653774
39,0,0.3441328183241621
40,0,0.3338929400359526
41,0,0.3292657129314821
42,0,0.3363507242841101
43,0,0.3175453632269649
44,0,0.3042318237871707
45,0,0.3001471755571229
46,0,0.2939804996124951
47,0,0.3119853416412599
48,0,0.3181019280713695
49,0,0.3101295041618948
50,0,0.3119239101020825
51,0,0.3013886747208857
52,0,0.2946954718442415
53,0,0.300786812921607
54,0,0.2884144101566787
55,0,0.2669148080264537
56,0,0.2736649468412069
57,0,0.2832058834324789
58,0,0.2683715045102713
59,0,0.2665097096764754
60,0,0.2704563305898025
61,0,0.2650510270374308
62,0,0.2634128661152195
63,0,0.2581321634721616
64,0,0.2669481923655912
65,0,0.2757255291081897
66,0,0.2606055955256239
67,0,0.2493258367960155
68,0,0.249536179600577
69,0,0.2561493571860624
70,0,0.2604657454955518
71,0,0.2685869816502587
72,0,0.2731343240597626
73,0,0.2483221727333662
74,0,0.2436979474324523
75,0,0.2603240765378993
76,0,0.2549267078374572
77,0,0.2549662221400892
78,0,0.249705888178584
79,0,0.24217067533216
80,0,0.2482453293839321
81,0,0.235211761422992
82,0,0.2338279676881018
83,0,0.2440685685890908
84,0,0.233044215364662
85,0,0.2390238344727817
86,0,0.2435377873739953
87,0,0.2302622524694029
88,0,0.2389875733587569
89,0,0.2377270805333864
90,0,0.2217515998739476
91,0,0.2319139890673216
92,0,0.2355248031038924
93,0,0.2250496303291487
94,0,0.2337759224109967
95,0,0.2371817480768485
96,0,0.2180940248386705
97,0,0.2038689692261074
98,0,0.2127222075897393
99,0,0.2438387715397717
0,10,-0.0903448072014292
1,10,-0.0831060519002327
2,10,0.5088720228069672
3,10,0.8607562799690347
4,10,0.8528811169489566
5,10,0.8330526184736434
6,10,0.7705635539184172
7,10,0.7551447667051424
8,10,0.7290132180509271
9,10,0.6723583470864901
10,10,0.6666058540310008
11,10,0.6551653505043433
12,10,0.6412787659318908
13,10,0.6250653221600698
14,10,0.6100826158986303
15,10,0.5915450326542743
16,10,0.5487341713490517
17,10,0.5246807219128127
18,10,0.5170950985985071
19,10,0.5235828379466838
20,10,0.5177238911726584
21,10,0.4796043793143226
22,10,0.4780254680553629
23,10,0.4847669912339308
24,10,0.454142561205018
25,10,0.4358662900314254
26,10,0.4410725068483146
27,10,0.4432314295427593
28,10,0.4368152327251198
29,10,0.430512588586553
30,10,0.420309350699013
31,10,0.4079317532969826
32,10,0.3972288556345416
33,10,0.3790759482670417
34,10,0.3725675828344754
35,10,0.3789562103612731
36,10,0.3668845431608308
37,10,0.3527295485723298
38,10,0.3605666292213021
39,10,0.3535093720023597
40,10,0.3314560653342726
41,10,0.3398672809062894
42,10,0.345626154140995
43,10,0.3317149571980641
44,10,0.3273754543429066
45,10,0.3244828005209348
46,10,0.3308264756821887
47,10,0.3173901447010995
48,10,0.2896214675568205
49,10,0.3116937878540108
50,10,0.3196350531242183
51,10,0.303194723743454
52,10,0.3280373014761046
53,10,0.3398197329093068
54,10,0.3255872112385982
55,10,0.3151360778489307
56,10,0.3114800610413992
57,10,0.3182242900074261
58,10,0.302139384555046
59,10,0.2905557323435291
60,10,0.2918365189048215
61,10,0.2686865512331319
62,10,0.2705121441312823
63,10,0.2788284475098456
64,10,0.2633439927783494
65,10,0.2751764089261565
66,10,0.2879510500392022
67,10,0.2840944341926991
68,10,0.2852908708858331
69,10,0.2841566701613188
70,10,0.2818290018852226
71,10,0.2797223268768554
72,10,0.2876101899332087
73,10,0.2790931292104028
74,10,0.2533461317107724
75,10,0.2694240588210259
76,10,0.2920287315179353
77,10,0.2869945751594054
78,10,0.2881153360153113
79,10,0.2921730884005068
80,10,0.2877044359179458
81,10,0.2687866041380965
82,10,0.2550222536379941
83,10,0.2609367034880451
84,10,0.2567679099766381
85,10,0.2524613979388458
86,10,0.2620835091058232
87,10,0.2710787497459725
88,10,0.2780142056633117
89,10,0.2699012623470751
90,10,0.260108326521483
91,10,0.2666978913800912
92,10,0.2588076725095574
93,10,0.2519171801920676
94,10,0.2663474570586478
95,10,0.265377391935532
96,10,0.2616401328350052
97,10,0.2563903658765722
98,10,0.2391905270042867
99,10,0.2600987984810715
0,20,-0.0901269453001518
1,20,-0.0588369821092067
2,20,0.7722339940517687
3,20,1.0194172605081706
4,20,0.9018902912547646
5,20,0.9350062774127929
6,20,0.8270305083299657
7,20,0.8079429429264757
8,20,0.7574175780708071
9,20,0.6947890842887301
10,20,0.7142279114381327
11,20,0.6612991445705185
12,20,0.6606003588266234
13,20,0.6360826918602985
14,20,0.5949076744409206
15,20,0.6192284313230623
16,20,0.6042995659844784
17,20,0.5996917755799528
18,20,0.5751690118643805
19,20,0.5510303722074286
20,20,0.5637094419631087
21,20,0.5252625468622452
22,20,0.5065345943052282
23,20,0.5083196206947981
24,20,0.4945427374089804
25,20,0.483691678200053
26,20,0.4455608198195125
27,20,0.4467669583025149
28,20,0.456262411490248
29,20,0.4177245245793596
30,20,0.4203029838012941
31,20,0.4247559179995069
32,20,0.4122967582179145
33,20,0.4361877914882822
34,20,0.429172224593129
35,20,0.4111086448247402
36,20,0.4168666206499716
37,20,0.3948618963505179
38,20,0.386173037117494
39,20,0.3950907964326922
40,20,0.3869114652215027
41,20,0.3850686375960482
42,20,0.3759678198588648
43,20,0.3646480079920962
44,20,0.3646262375792658
45,20,0.3639167893861627
46,20,0.3638706936665744
47,20,0.3571807814702262
48,20,0.3543351694219256
49,20,0.34487311163269
50,20,0.3284168189210512
51,20,0.331654168055791
52,20,0.3214429095935846
53,20,0.3123288014921157
54,20,0.3249851502435567
55,20,0.312860276640896
56,20,0.3071639914964035
57,20,0.324073533309081
58,20,0.3134697946671779
59,20,0.2933976102629643
60,20,0.287697333543023
61,20,0.2872363305156812
62,20,0.2949289780938116
63,20,0.2916050422394605
64,20,0.273838907357208
65,20,0.270087978685311
66,20,0.2691135261398741
67,20,0.2666418516821629
68,20,0.2720768853896408
69,20,0.2643142266507556
70,20,0.2643679906964452
71,20,0.2862866949023109
72,20,0.2933969653639935
73,20,0.2886826013790681
74,20,0.2773234571270065
75,20,0.2557835544572182
76,20,0.2510049952164939
77,20,0.2587013639166505
78,20,0.2595499908773356
79,20,0.2633575457442833
80,20,0.2648438208727381
81,20,0.2555455450317276
82,20,0.2551157806846756
83,20,0.261902686106324
84,20,0.2606594895824078
85,20,0.2571487605067148
86,20,0.2503272543446848
87,20,0.2450342776937341
88,20,0.2458335114084243
89,20,0.2428582614248796
90,20,0.2404825628588457
91,20,0.2467710534337182
92,20,0.2594561849220157
93,20,0.2564480992158627
94,20,0.2498858068291168
95,20,0.2709474779954063
96,20,0.2717769003271317
97,20,0.2587969703926389
98,20,0.2741877000209837
99,20,0.2663416900570079
0,30,-0.0899819224340871
1,30,-0.0551093197799078
2,30,0.899196796312706
3,30,1.06686309465213
4,30,0.8532057108147886
5,30,0.939661157753122
6,30,0.8190672649769584
7,30,0.797713146410485
8,30,0.7906471252111598
9,30,0.7150006114193587
10,30,0.7337339533846485
11,30,0.6829195576809246
12,30,0.6528672563991966
13,30,0.6427627937733096
14,30,0.6247993562496269
15,30,0.6215607753137521
16,30,0.5885751319655784
17,30,0.5872934067141928
18,30,0.559926340553709
19,30,0.5303115857298161
20,30,0.5327887192307926
21,30,0.5026107459846957
22,30,0.4938045093156963
23,30,0.4838697952947517
24,30,0.4715429293180143
25,30,0.4817413015775034
26,30,0.4629068142866239
27,30,0.4525891930314665
28,30,0.4586380798661119
29,30,0.4458520733365239
30,30,0.4346685526857396
31,30,0.4388888010151374
32,30,0.4369307158407037
33,30,0.4212012617517279
34,30,0.4168762990055099
35,30,0.4034780093127406
36,30,0.3813017748982007
37,30,0.3830098421075047
38,30,0.3926175083495402
39,30,0.4002748530074068
40,30,0.3927177522533288
41,30,0.3808450213879533
42,30,0.3843786603140252
43,30,0.3811455653934379
44,30,0.3769602923825176
45,30,0.3671954754749111
46,30,0.3590417796033748
47,30,0.369041377614445
48,30,0.3596126437880561
49,30,0.3563169688064659
50,30,0.3784995172946001
51,30,0.374282075892049
52,30,0.3623763704656988
53,30,0.3663109465374013
54,30,0.3624962310812331
55,30,0.3560041578962971
56,30,0.3482912834824281
57,30,0.3384663005222503
58,30,0.3428044021642903
59,30,0.3433526902145092
60,30,0.3298657082395537
61,30,0.3285299566045552
62,30,0.3287473996202846
63,30,0.3221488976466177
64,30,0.3237473487508852
65,30,0.3199656789086362
66,30,0.3090748224246588
67,30,0.3007761490835747
68,30,0.3017249303029262
69,30,0.3137011929426085
70,30,0.3203984313120555
71,30,0.3274151716971053
72,30,0.3228334832145039
73,30,0.2977523196213464
74,30,0.2913850579125234
75,30,0.291007515179163
76,30,0.282487338322081
77,30,0.286030746996019
78,30,0.2772072923303593
79,30,0.2586992919885792
80,30,0.2577534412808113
81,30,0.2641979704710069
82,30,0.2680492968154639
83,30,0.2707555826277625
84,30,0.2736947558161257
85,30,0.268075917498504
86,30,0.2631006787622552
87,30,0.2760696644997547
88,30,0.2851830130370685
89,30,0.2777196769432458
90,30,0.2616555255279084
91,30,0.2575415679305303
92,30,0.2834856451653033
93,30,0.2908942723941855
94,30,0.2651503650777795
95,30,0.2681906384324132
96,30,0.2814237922812626
97,30,0.2569305312843374
98,30,0.24186313565892
99,30,0.2755767546361992
0,40,-0.0898555490272534
1,40,-0.0462630841119277
2,40,0.9915945574884794
3,40,1.1223784369784071
4,40,0.8868500930912908
5,40,0.9781380472549642
6,40,0.840861747012879
7,40,0.8493703407619152
8,40,0.8265512725373277
9,40,0.7488920058118043
10,40,0.7827435218016126
11,40,0.7099821378652242
12,40,0.6923184775356716
13,40,0.6751357737480753
14,40,0.6439414645226305
15,40,0.6587404480012706
16,40,0.6319981441489788
17,40,0.6308415906678927
18,40,0.5976951935366773
19,40,0.5732584105298828
20,40,0.5758850020217736
21,40,0.5421301427593775
22,40,0.5316072998266953
23,40,0.4960557889073186
24,40,0.4845246650410175
25,40,0.4922069558412018
26,40,0.4604938110368176
27,40,0.4665498666099298
28,40,0.4565887955420471
29,40,0.4494828049922849
30,40,0.4697357792003677
31,40,0.4502205377560886
32,40,0.4356593839054165
33,40,0.4314556807307405
34,40,0.4352913488195994
35,40,0.4350383693082438
36,40,0.420941122943972
37,40,0.4203086973384599
38,40,0.3990085130736617
39,40,0.4002962838148373
40,40,0.4195988456604509
41,40,0.3960950729942408
42,40,0.3862477319489603
43,40,0.3888190175417816
44,40,0.3891101501352291
45,40,0.3857808239126637
46,40,0.3729788341085788
47,40,0.3830951467403167
48,40,0.3665244093073506
49,40,0.3438335096053747
50,40,0.3665552475407151
51,40,0.3659987395188097
52,40,0.3493430803654462
53,40,0.341044155322406
54,40,0.336067776478528
55,40,0.3498174908495732
56,40,0.3475943493836412
57,40,0.3364087348380623
58,40,0.3358718395083084
59,40,0.3307493907505071
60,40,0.3324880479951283
61,40,0.3290714014645069
62,40,0.3200183629225687
63,40,0.3151296993979036
64,40,0.2953556513276201
65,40,0.2872843205165458
66,40,0.3059646848297274
67,40,0.307869093214368
68,40,0.2946614940148213
69,40,0.2946404382046795
70,40,0.296767401019317
71,40,0.2956106370662304
72,40,0.2871454519057434
73,40,0.2655594912013073
74,40,0.2561565998343389
75,40,0.2600527096697854
76,40,0.2663332118361661
77,40,0.2815033332996863
78,40,0.2838623763182769
79,40,0.2744756828283455
80,40,0.2821342720669442
81,40,0.2921951506124858
82,40,0.2816602983718049
83,40,0.2649099429990215
84,40,0.2673272749725724
85,40,0.2836912162064792
86,40,0.2932515593822521
87,40,0.2931144396475668
88,40,0.2873515564926782
89,40,0.2849366749175621
90,40,0.2918383673827107
91,40,0.2897535105004237
92,40,0.2721189368093903
93,40,0.2714286934997804
94,40,0.2850626328518356
95,40,0.278917230535572
96,40,0.2780348768856543
97,40,0.2917117683446309
98,40,0.2848350552666951
99,40,0.2669376766539125
0,50,-0.0898190600454345
1,50,-0.0444999055285604
2,50,1.002140442998121
3,50,1.1109683145016658
4,50,0.8549113388593841
5,50,0.968130144792877
6,50,0.8448939996470166
7,50,0.8439287640183533
8,50,0.835054891104209
9,50,0.7731665911548932
10,50,0.7846723497268443
11,50,0.7102791733674919
12,50,0.7342012292937351
13,50,0.711006966806314
14,50,0.6435197237886635
15,50,0.6621210438453164
16,50,0.6268584608134047
17,50,0.6191270368781613
18,50,0.6184845535387613
19,50,0.6053459148274786
20,50,0.6035249831419743
21,50,0.5642611993171983
22,50,0.5498149146563087
23,50,0.5262201195112634
24,50,0.5090942225252229
25,50,0.5262680397355843
26,50,0.5068655386580168
27,50,0.4902105418548239
28,50,0.4953233704152653
29,50,0.4887206373478556
30,50,0.4779427099722879
31,50,0.4846261993531372
32,50,0.4750992104711792
33,50,0.4485410087690302
34,50,0.4604985980091536
35,50,0.453568491648901
36,50,0.4367164269292492
37,50,0.446862266211173
38,50,0.4339442007391076
39,50,0.4317031445588561
40,50,0.4240404120265479
41,50,0.411428788711938
42,50,0.4226950771287156
43,50,0.39851992758924
44,50,0.3917590945353444
45,50,0.4010839777956375
46,50,0.37200632548762
47,50,0.3807432893780903
48,50,0.3936490940405887
49,50,0.3654316267956433
50,50,0.3622204242885131
51,50,0.3648645841607719
52,50,0.3428566732311175
53,50,0.3389886357116066
54,50,0.3436040100874021
55,50,0.3254956956081272
56,50,0.3277255418316681
57,50,0.340694473906016
58,50,0.3223090091828532
59,50,0.3186817848173006
60,50,0.3297819962833265
61,50,0.3283394816222468
62,50,0.3326885770852988
63,50,0.3320046095605797
64,50,0.3337978946941254
65,50,0.3401600873796352
66,50,0.3187780300295533
67,50,0.2942211194625317
68,50,0.3053590859990583
69,50,0.3253702105823434
70,50,0.3179897310589408
71,50,0.3144783263981024
72,50,0.3333532930512725
73,50,0.3233547777097262
74,50,0.2991295566328992
75,50,0.3091255388476268
76,50,0.3097042661324578
77,50,0.2960323644014377
78,50,0.3077764051116358
79,50,0.3066087565583196
80,50,0.296799210821862
81,50,0.3050331823221083
82,50,0.2964465301437292
83,50,0.2978526847288623
84,50,0.3121376954629722
85,50,0.2925577989281816
86,50,0.280568312348316
87,50,0.2905020213310312
88,50,0.2901006559230613
89,50,0.2844822143144748
90,50,0.2776373972120425
91,50,0.2825061569860543
92,50,0.2913691775370071
93,50,0.2827425880393571
94,50,0.27698023594713
95,50,0.2806920322358089
96,50,0.2798348912743609
97,50,0.2750614809798244
98,50,0.2755716217323103
99,50,0.2899952655527998
0,60,-0.0896309008238172
1,60,-0.0471804504522419
2,60,1.0097522408528836
3,60,1.1178950928015603
4,60,0.8587563067778565
5,60,0.9489824489502656
6,60,0.823992226581226
7,60,0.8485169169064447
8,60,0.8019300895410163
9,60,0.7118172536092054
10,60,0.7435044722493692
11,60,0.6440664060318042
12,60,0.6537871995810633
13,60,0.6750857347162991
14,60,0.6329534718940045
15,60,0.6391528093352191
16,60,0.6013084535012018
17,60,0.6074203275040947
18,60,0.5925682494729073
19,60,0.5583487620595262
20,60,0.5757923228250377
21,60,0.556709223571054
22,60,0.5535188496336465
23,60,0.5601472721718367
24,60,0.5558112500074236
25,60,0.5486023774549558
26,60,0.5217798862622838
27,60,0.5268931300937382
28,60,0.5247270444927261
29,60,0.5072416718104983
30,60,0.50359092900983
31,60,0.4797409880335844
32,60,0.4679302628756552
33,60,0.4811042219742483
34,60,0.4845902532192309
35,60,0.4665918409001452
36,60,0.4437495726720026
37,60,0.4348670956798736
38,60,0.4269011147947142
39,60,0.4166654226321485
40,60,0.4062533032602515
41,60,0.4030849719550369
42,60,0.4001083830524815
43,60,0.3875789861043197
44,60,0.3894164204448284
45,60,0.3822513071118794
46,60,0.3699740086421379
47,60,0.3775410867917088
48,60,0.3709274411962061
49,60,0.3773966948570844
50,60,0.384534740822292
51,60,0.362443972222623
52,60,0.3741211966455468
53,60,0.3834408266755041
54,60,0.3716802343817091
55,60,0.3859969913457712
56,60,0.380618319818574
57,60,0.3639959582834576
58,60,0.359003823316859
59,60,0.3519616652955842
60,60,0.3635483199505201
61,60,0.3650870815454716
62,60,0.3561056983350951
63,60,0.3527822400308377
64,60,0.3371978973965642
65,60,0.3354966614418986
66,60,0.3360707198775276
67,60,0.3327711624879215
68,60,0.3429297640009559
69,60,0.3358196974802727
70,60,0.3314111579556178
71,60,0.3376396106187975
72,60,0.3339026904016596
73,60,0.3415414832279327
74,60,0.3427901285220175
75,60,0.3395851245753852
76,60,0.3454981910647913
77,60,0.3309121870087642
78,60,0.3173829086902359
79,60,0.3202449050155509
80,60,0.3228340698704921
81,60,0.32374787182024
82,60,0.3156652461233526
83,60,0.3189510970397494
84,60,0.3284914473910263
85,60,0.321591140279622
86,60,0.3297732575627594
87,60,0.3372777069046967
88,60,0.3165465242725435
89,60,0.3038642359313944
90,60,0.3095785193073224
91,60,0.3199037750580639
92,60,0.3248827811413355
93,60,0.3238356947896204
94,60,0.3238913470647165
95,60,0.3166638980067656
96,60,0.3132110516983709
97,60,0.3114346110148896
98,60,0.3005247621711764
99,60,0.3056895844666335
0,70,-0.0891593916899555
1,70,-0.0435887912459921
2,70,0.9876669027943392
3,70,1.0869337656156326
4,70,0.8199148309101539
5,70,0.9313349821654722
6,70,0.8115010003786142
7,70,0.8019740547105596
8,70,0.7965816968197537
9,70,0.7405837048757447
10,70,0.7626597293843441
11,70,0.6993998768073145
12,70,0.6987076484611059
13,70,0.6749936736104691
14,70,0.6487922556273897
15,70,0.680862713846472
16,70,0.6339151246581101
17,70,0.6080384926532154
18,70,0.6002998963350413
19,70,0.5983058136812952
20,70,0.5943283488526867
21,70,0.5483906347057346
22,70,0.5464811920009902
23,70,0.5387728834240453
24,70,0.5156527786984761
25,70,0.5234083025651844
26,70,0.5199375809305601
27,70,0.5171176829052402
28,70,0.511484293672448
29,70,0.4882003135126513
30,70,0.4674983124086688
31,70,0.4703495153003456
32,70,0.4803621149152716
33,70,0.4768259088704488
34,70,0.46753367770507
35,70,0.4503333959594112
36,70,0.4504608426198978
37,70,0.4499057992396895
38,70,0.4362563160333389
39,70,0.4404912455044666
40,70,0.4285810910830599
41,70,0.4239478384255858
42,70,0.4392761100570554
43,70,0.4368029282385759
44,70,0.4398552355937428
45,70,0.4385497080095273
46,70,0.4487588796291136
47,70,0.4684578840507341
48,70,0.4486056076037361
49,70,0.4357681499454441
50,70,0.4446559693711958
51,70,0.4467164799039769
52,70,0.4408635688835048
53,70,0.4218505968927401
54,70,0.4169842194797776
55,70,0.4287238158629181
56,70,0.4241845856574392
57,70,0.3985266754386818
58,70,0.3864847454906309
59,70,0.3999289932851908
60,70,0.400720940071814
61,70,0.4010988682750882
62,70,0.4021919476967868
63,70,0.3861930058530251
64,70,0.3935539256460882
65,70,0.4047785478579216
66,70,0.3998511072732668
67,70,0.4001534742560914
68,70,0.380830169852438
69,70,0.3685477272767908
70,70,0.3746422765163116
71,70,0.3554902489879596
72,70,0.3538349388300804
73,70,0.3690331179853416
74,70,0.3560190394866777
75,70,0.3646764111747823
76,70,0.3766040505461061
77,70,0.3556933144902915
78,70,0.355422429961758
79,70,0.3492269453621261
80,70,0.334047892405337
81,70,0.3515377026986711
82,70,0.3517337522906462
83,70,0.3503345676088263
84,70,0.3622829927129312
85,70,0.3423034472884073
86,70,0.3363353530681138
87,70,0.3474606835322756
88,70,0.343207483527313
89,70,0.3447630384331545
90,70,0.331665146782476
91,70,0.3207681126960268
92,70,0.337811590305167
93,70,0.3380430701577787
94,70,0.3258851817208588
95,70,0.3218873922339875
96,70,0.3147953424624862
97,70,0.3124077859576784
98,70,0.311848182708433
99,70,0.3040391257479253
0,80,-0.085500833474262
1,80,-0.0444568427227219
2,80,0.9328113565502448
3,80,1.019550353944238
4,80,0.7898800352212074
5,80,0.8999922829677689
6,80,0.7721521475153533
7,80,0.7943344197946433
8,80,0.7862956285176221
9,80,0.6986661150108301
10,80,0.7319109326763628
11,80,0.6789718628704687
12,80,0.6663131572433222
13,80,0.6494690119017434
14,80,0.6365771382170602
15,80,0.6705353426383134
16,80,0.6213599360575491
17,80,0.6056559988611327
18,80,0.6049884871842071
19,80,0.57908545844156
20,80,0.5723453137098081
21,80,0.5601727691312451
22,80,0.5562122624844577
23,80,0.529194665902507
24,80,0.5125881176441976
25,80,0.5141805500450424
26,80,0.5078270581730149
27,80,0.5206348516591619
28,80,0.5132037886269633
29,80,0.505964941301212
30,80,0.5160587232175156
31,80,0.5232449783370553
32,80,0.5333925343884863
33,80,0.5200519616551367
34,80,0.5091395952855047
35,80,0.5043927853792258
36,80,0.4880284048735153
37,80,0.4909321681924233
38,80,0.4959540509994709
39,80,0.4838877904268135
40,80,0.4740882853025961
41,80,0.4727398282593928
42,80,0.4582267022952211
43,80,0.4483892896293395
44,80,0.4615704469231811
45,80,0.4464735552877681
46,80,0.4238316981773717
47,80,0.4296391368190492
48,80,0.4303313000640879
49,80,0.4293213054383142
50,80,0.4292535348810306
51,80,0.4206661701563654
52,80,0.4099333336929703
53,80,0.4038129015976845
54,80,0.3961587993222824
55,80,0.3829355459534072
56,80,0.3879623607283536
57,80,0.3883266586088376
58,80,0.378123120291773
59,80,0.3809522148056103
60,80,0.3643248312970318
61,80,0.3596543051996189
62,80,0.3803753745556468
63,80,0.3727836894610655
64,80,0.3645286155898349
65,80,0.3663914833904371
66,80,0.3591616164254824
67,80,0.355140202049276
68,80,0.3543030848318634
69,80,0.3620767078043741
70,80,0.3674477438776621
71,80,0.3647534273495841
72,80,0.3649313113687768
73,80,0.3519466410716732
74,80,0.338580200291787
75,80,0.3471531993573828
76,80,0.3519320303373627
77,80,0.3377416810041813
78,80,0.3252269289488548
79,80,0.326418734897434
80,80,0.3364998355500713
81,80,0.344057192129346
82,80,0.3356130394738237
83,80,0.3247555453394807
84,80,0.3248159290637195
85,80,0.3220198076971374
86,80,0.3228903024694189
87,80,0.3296657426888076
88,80,0.323319617283991
89,80,0.3108336533238205
90,80,0.3067763943662091
91,80,0.3077495266167064
92,80,0.3031968678244185
93,80,0.2961983865949051
94,80,0.2955718287963279
95,80,0.2932518325192644
96,80,0.2930126907829626
97,80,0.299102368088481
98,80,0.2963921153753078
99,80,0.2854015584564902
0,90,-0.089424596232459
1,90,-0.045716814662751
2,90,0.9231604811051146
3,90,0.981758686382
4,90,0.7500033734034334
5,90,0.8615067899326097
6,90,0.711006942375578
7,90,0.7296371807788071
8,90,0.7273710807850985
9,90,0.6417172373740072
10,90,0.6805726560530999
11,90,0.6346993887966883
12,90,0.6497622279902662
13,90,0.6414817643496196
14,90,0.5859128839886039
15,90,0.6056025327526084
16,90,0.5868580304269756
17,90,0.5784906175175789
18,90,0.5878211565384321
19,90,0.588693295303198
20,90,0.5641052117417086
21,90,0.5292485959500685
22,90,0.5367985518051633
23,90,0.5181385628165529
24,90,0.516829670432007
25,90,0.5167712174484635
26,90,0.4866016627477347
27,90,0.4966815196780496
28,90,0.4828743366314725
29,90,0.4791001478643698
30,90,0.4900665426310624
31,90,0.462126007919891
32,90,0.4696148387612732
33,90,0.4656497371166792
34,90,0.4427361671961825
35,90,0.4501929882142051
36,90,0.4442256994610738
37,90,0.439561910742004
38,90,0.4288313454420152
39,90,0.4204029344117151
40,90,0.446921825034678
41,90,0.4433854354139592
42,90,0.4148526241864806
43,90,0.4189353689558472
44,90,0.4183452351023683
45,90,0.4013226186444922
46,90,0.4106693083083906
47,90,0.4226678001528168
48,90,0.4095611373403369
49,90,0.4051418499031828
50,90,0.4069457819309106
51,90,0.3944748951265935
52,90,0.3971449995322933
53,90,0.4103495287398448
54,90,0.3972831051151795
55,90,0.3897200686249792
56,90,0.4032868099390569
57,90,0.3953948761297777
58,90,0.3784581221248871
59,90,0.3758971835032001
60,90,0.378359084507822
61,90,0.3758710355079969
62,90,0.3643703929694337
63,90,0.3730404056224602
64,90,0.3915396084303055
65,90,0.3809011759916812
66,90,0.3635369369740527
67,90,0.3596079127234298
68,90,0.3624824320103543
69,90,0.3632928642270426
70,90,0.3616686863667891
71,90,0.3641966186886646
72,90,0.3592272720813992
73,90,0.3485218572792433
74,90,0.3472665491255749
75,90,0.3569166595374153
76,90,0.363818635311297
77,90,0.3592269984381331
78,90,0.3544826265144264
79,90,0.3480972148631019
80,90,0.3483896089810138
81,90,0.3626981416929717
82,90,0.3644985013951961
83,90,0.3496918540015765
84,90,0.3335730404763989
85,90,0.3298665030910329
86,90,0.3337651371722099
87,90,0.3321805501921966
88,90,0.3393350568243348
89,90,0.3400417368808733
90,90,0.3319541716072992
91,90,0.3355166161868799
92,90,0.3175110832545054
93,90,0.3004240503190304
94,90,0.3216792890344117
95,90,0.3274654858540338
96,90,0.3141432980034711
97,90,0.3153804272710019
98,90,0.311524818272352
99,90,0.2945829069195455
